0.76620886696791690174
0.48725176439026918196
0.38260838407213260126
0.39267851896243100018
0.69329188377284067801
0.11969041364253052429
0.028598811490740075336
0.8023114091727470143
0.72370776148685611595
0.44449206788302031423
0.94510191676444466058
0.62363608909008838577
0.40503069311614647852
0.93068280021226168497
0.53903615080706590579
0.76412629697664002926
0.39470088081187609808
0.64216796245526897025
0.51223652461182167528
0.39733807761098166589
0.76560765261091645595
0.51529791230116872569
0.35466553240766074406
0.55796764258200659548
0.42223954453237333428
0.70976528418705109313
0.97865232684586767054
0.31487999591737986238
0.16874540465359827435
0.63020714168912128628
0.68325227949919753456
0.91842550361455677077
0.30240484853387106234
0.79446592172350083416
0.60841820324231787875
0.93337525703635781937
0.59138379692630083095
0.70679779476802695459
0.85744520037316029892
0.14670808666698079148
0.0041469568405984704243
0.51815428981471545189
0.068832787251487739799
0.24170253949319131515
0.68793743554872344159
0.33238020694459796678
0.5697134563558331477
0.6202214628552186193
0.68754947543495781304
0.62414426199353501001
0.21230357243321071326
0.61588542052353056899
0.82396449047325392989
0.64255739499002573201
0.55229433232559554945
0.5235953086631350839
0.68465528901883176971
0.41725434196053740044
0.87826991634362838735
0.50927245174966395691
0.39228908642767418291
0.65323407605906669282
0.99343318305603844909
0.10955117554848602113
0.90035497997903957135
0.20010337755088852818
0.49318725871536289729
0.98244357760178091521
0.48434884961896990108
0.044199094196874226526
0.76985821536269882781
0.71546214433175614467
0.19423006111487284286
0.58476590159571073535
0.57814988846804471478
0.33029252352672283655
0.14760490467194695152
0.60416764049053550689
0.7332110250057704004
0.89339724224684635701
0.2680525301341212252
0.044232836013768254968
0.83688239140290876517
0.16910116848028319825
0.22886664477589849231
0.50436716736497688718
0.97851243940112764275
0.10313718444813843589
0.20657287407972518833
0.035235913952456746068
0.24558621563277496791
0.6432857227713268955
0.71325410050957194219
0.21956575066762312742
0.60197767736482321599
0.95376451963268427114
0.75402956817021105085
0.31085507353341906844
0.39846387570652358479
0.040233975295086377155
0.43939113032044430085
0.96422967452752850193
0.88788813952723899536
0.62461154005704988545
0.99658537423079152084
0.44153717180785589935
0.53546586750795410747
0.2307600566329248426
0.85175912354689053974
0.42926360966137777631
0.00038943253475680599668
0.040057807713773943559
0.12625723105215339026
0.91904763640791531376
0.90195642965936861923
0.52360438393596764328
0.95130480963331875977
0.96265833962832503268
0.1392872394711185402
0.96356709066944523645
0.79467118009676751544
0.7316095748597800652
0.56989623586176718639
0.80993497968182670554
0.064018073987224172194
0.18194400061943755142
0.24973317293903471437
0.16144001212038100457
0.7820868877610596126
0.46126829016081444257
0.28991511244788537027
0.28614472611162100613
0.18358443685974201731
0.14345794736568720507
0.08601335067582006888
0.66437823775428261897
0.65169470275365504186
0.58011509458539778361
0.71185262953483152693
0.26716893458141427464
0.54887970609072578299
0.96513248093665227056
0.22012115606112458988
0.64801439859346221528
0.48725176439026918196
0.38260838407213260126
0.39267851896243100018
0.69329188377284067801
0.11969041364253052429
0.028598811490740075336
0.8023114091727470143
0.72370776148685611595
0.44449206788302031423
0.94510191676444466058
0.62363608909008838577
0.0077661844006582094954
0.93068280021226168497
0.53903615080706590579
0.76412629697664002926
0.39470088081187609808
0.64216796245526897025
0.51223652461182167528
0.39733807761098166589
0.76560765261091645595
0.51529791230116872569
0.35466553240766074406
0.55796764258200659548
0.33037756212538926803
0.70976528418705109313
0.97865232684586767054
0.31487999591737986238
0.16874540465359827435
0.63020714168912128628
0.68325227949919753456
0.91842550361455677077
0.30240484853387106234
0.79446592172350083416
0.60841820324231787875
0.93337525703635781937
0.86758014926108539822
0.70679779476802695459
0.85744520037316029892
0.14670808666698079148
0.0041469568405984704243
0.51815428981471545189
0.068832787251487739799
0.24170253949319131515
0.68793743554872344159
0.33238020694459796678
0.5697134563558331477
0.6202214628552186193
0.44930335667417542478
0.62414426199353501001
0.21230357243321071326
0.61588542052353056899
0.82396449047325392989
0.64255739499002573201
0.55229433232559554945
0.5235953086631350839
0.68465528901883176971
0.41725434196053740044
0.87826991634362838735
0.50927245174966395691
0.29303590128805295789
0.65323407605906669282
0.99343318305603844909
0.10955117554848602113
0.90035497997903957135
0.20010337755088852818
0.49318725871536289729
0.98244357760178091521
0.48434884961896990108
0.044199094196874226526
0.76985821536269882781
0.71546214433175614467
0.32884843942189984078
0.58476590159571073535
0.57814988846804471478
0.33029252352672283655
0.14760490467194695152
0.60416764049053550689
0.7332110250057704004
0.89339724224684635701
0.2680525301341212252
0.044232836013768254968
0.83688239140290876517
0.16910116848028319825
0.41443583714516640804
0.50436716736497688718
0.97851243940112764275
0.10313718444813843589
0.20657287407972518833
0.035235913952456746068
0.24558621563277496791
0.6432857227713268955
0.71325410050957194219
0.21956575066762312742
0.60197767736482321599
0.95376451963268427114
0.23813781805249761847
0.31085507353341906844
0.39846387570652358479
0.040233975295086377155
0.43939113032044430085
0.96422967452752850193
0.88788813952723899536
0.62461154005704988545
0.99658537423079152084
0.44153717180785589935
0.53546586750795410747
0.2307600566329248426
0.68351397182956052934
0.42926360966137777631
0.00038943253475680599668
0.040057807713773943559
0.12625723105215339026
0.91904763640791531376
0.90195642965936861923
0.52360438393596764328
0.95130480963331875977
0.96265833962832503268
0.1392872394711185402
0.96356709066944523645
0.022854039921822975195
0.76620886696791690174
0.68754947543495781304
0.75402956817021105085
0.48725176439026918196
0.40503069311614647852
0.39228908642767418291
0.85175912354689053974
0.93068280021226168497
0.42223954453237333428
0.19423006111487284286
0.79467118009676751544
0.70976528418705109313
0.59138379692630083095
0.22886664477589849231
0.18358443685974201731
0.70679779476802695459
0.68754947543495781304
0.75402956817021105085
0.48725176439026918196
0.62414426199353501001
0.39228908642767418291
0.85175912354689053974
0.93068280021226168497
0.65323407605906669282
0.19423006111487284286
0.79467118009676751544
0.70976528418705109313
0.58476590159571073535
0.22886664477589849231
0.18358443685974201731
0.70679779476802695459
0.50436716736497688718
0.75402956817021105085
0.48725176439026918196
0.62414426199353501001
0.31085507353341906844
0.85175912354689053974
0.93068280021226168497
0.65323407605906669282
0.42926360966137777631
0.79467118009676751544
0.70976528418705109313
0.58476590159571073535
0.7316095748597800652
0.18358443685974201731
0.70679779476802695459
0.50436716736497688718
0.14345794736568720507
0.76620886696791690174
0.42223954453237333428
0.40503069311614647852
0.59138379692630083095
0.42223954453237333428
0.68754947543495781304
0.59138379692630083095
0.39228908642767418291
