-1612237.8785121510737
-1565613.4226400940679
-4550306.1891099298373
-3484349.7515969602391
-199872.41209386239643
-3224555.3320086635649
-666215.37518262700178
-4423730.5454236129299
-3650900.2105825999752
-2611587.5113396495581
1205401.0190582138021
1170549.3225320719648
3402026.7841571853496
2605069.3024017522112
149431.08696786221117
2410817.8122641732916
498100.73463162087137
3307404.8271504952572
2729604.7349986797199
1952553.9750150532927
1285344.3564418689348
1248178.4720294012222
3627669.1508046570234
2777857.633709765505
159342.29507329757325
2570712.4002421172336
531135.22767722944263
3526756.2422877661884
2910623.7833683737554
2082066.2795470629353
-1585346.1238291859627
-1539508.7846424828749
-4474305.5534302173182
-3426142.3151073688641
-196530.6713718851679
-3170665.9341626842506
-655084.29744668584317
-4349829.4861189061776
-3589905.7040124884807
-2567974.7399453022517
-1688816.6797613080125
-1639944.6876810146496
-4766310.5657229917124
-3649760.0108283045702
-209361.32289437393774
-3377600.5921533680521
-697829.58878200687468
-4633745.5384343666956
-3824212.0397428614087
-2735567.2988690510392
453941.65562904754188
440811.6277209793916
1281149.6207152190618
981021.52133120002691
56277.003809327594354
907887.25654343958013
187566.79871906907647
1245518.3765455943067
1027927.8960813259473
735295.33909717737697
35139.776729611992778
34094.659444500764948
99106.463318920825259
75891.786186056750012
4354.2895593168332198
70227.79844238255464
14504.871574953413074
96372.276300167795853
79529.277551733117434
56897.965520236604789
-22836.609655147647572
-22172.541385258638911
-64451.144733194778382
-49344.083606288622832
-2834.1795650276467313
-45671.988942168041831
-9433.3287592364213197
-62648.809136080511962
-51709.469212242016511
-36989.573048642057984
-47237.770688226111815
-45886.310482622044219
-133350.04556275796494
-102122.41431379431742
-5857.0063323177055281
-94477.969349956081714
-19524.737117480115558
-129645.90704974078108
-106985.27528947358951
-76540.687473008307279
9738.8417435622304765
9445.6591410901437484
27458.521661541108188
21028.910564224810514
1206.4396406016667243
19473.001333874693955
4019.1979410644803465
26697.087997994145553
22036.043170902234124
15751.083795833650584
-1565613.4226400940679
-4550306.1891099298373
-3484349.7515969602391
-199872.41209386239643
-3224555.3320086635649
-666215.37518262700178
-4423730.5454236129299
-3650900.2105825999752
-2611587.5113396495581
0.50816370128482923896
1170549.3225320719648
3402026.7841571853496
2605069.3024017522112
149431.08696786221117
2410817.8122641732916
498100.73463162087137
3307404.8271504952572
2729604.7349986797199
1952553.9750150532927
0.43330179754020814453
1248178.4720294012222
3627669.1508046570234
2777857.633709765505
159342.29507329757325
2570712.4002421172336
531135.22767722944263
3526756.2422877661884
2910623.7833683737554
2082066.2795470629353
0.059755241554002504201
-1539508.7846424828749
-4474305.5534302173182
-3426142.3151073688641
-196530.6713718851679
-3170665.9341626842506
-655084.29744668584317
-4349829.4861189061776
-3589905.7040124884807
-2567974.7399453022517
0.84325693533127843438
-1639944.6876810146496
-4766310.5657229917124
-3649760.0108283045702
-209361.32289437393774
-3377600.5921533680521
-697829.58878200687468
-4633745.5384343666956
-3824212.0397428614087
-2735567.2988690510392
0.39817499313333537536
440811.6277209793916
1281149.6207152190618
981021.52133120002691
56277.003809327594354
907887.25654343958013
187566.79871906907647
1245518.3765455943067
1027927.8960813259473
735295.33909717737697
0.83523056733909117888
34094.659444500764948
99106.463318920825259
75891.786186056750012
4354.2895593168332198
70227.79844238255464
14504.871574953413074
96372.276300167795853
79529.277551733117434
56897.965520236604789
0.26496169927060764238
-22172.541385258638911
-64451.144733194778382
-49344.083606288622832
-2834.1795650276467313
-45671.988942168041831
-9433.3287592364213197
-62648.809136080511962
-51709.469212242016511
-36989.573048642057984
0.11386455885494552176
-45886.310482622044219
-133350.04556275796494
-102122.41431379431742
-5857.0063323177055281
-94477.969349956081714
-19524.737117480115558
-129645.90704974078108
-106985.27528947358951
-76540.687473008307279
0.57023834955900754018
9445.6591410901437484
27458.521661541108188
21028.910564224810514
1206.4396406016667243
19473.001333874693955
4019.1979410644803465
26697.087997994145553
22036.043170902234124
15751.083795833650584
0.43949705496383556502
-4550306.1891099298373
-3484349.7515969602391
-199872.41209386239643
-3224555.3320086635649
-666215.37518262700178
-4423730.5454236129299
-3650900.2105825999752
-2611587.5113396495581
0.50816370128482923896
-159888.79046521460987
3402026.7841571853496
2605069.3024017522112
149431.08696786221117
2410817.8122641732916
498100.73463162087137
3307404.8271504952572
2729604.7349986797199
1952553.9750150532927
0.43330179754020814453
119551.91353104492009
11.11916684272404332
-8.2491407841128499001
-11.088327646338816734
8.353340144306732995
-8.2491407841128499001
-8.8195768746369616053
8.353340144306732995
8.8841205716837219342
-8.8195768746369616053
10.919967950915907551
8.8841205716837219342
-10.916598218662462827
10.919967950915907551
11.64595022617239195
-10.916598218662462827
-11.615746896084957029
11.64595022617239195
-3.3464929099162730175
-11.615746896084957029
2.905149667047913109
